$ANSIBLE_VAULT;1.1;AES256
30646233636233613963333864313033626566613234393161373166383064396635663035366433
6363636134373064666133643639316237643339333663310a633831333637333965343764623264
66366336643035636566363735323435303461663631303938666631336338666630363865323065
3463386666636161610a353965353033666165336661363538646632313264613664376234313964
65663934653962633262646132363266316263393263356130623333376139363366333164303131
61643934633638633135353130356539393932346635383461396262646266623935396434616632
34653962346332653265383233376131363130346236363033643431376161336664376565333932
64346663313065336130386633386133383531633161306430386530663366653464633337353138
30346535623931353936313034353939613535393234343739663861366161353630323130346430
33633864663933633861306534353036383734356265623731323239316139393161393739646333
33643639336139313262383631633464656535383134386132636638363966343638646136343765
31326561363339633036613335636638623265343339346232356137623230623764376662316264
37386639376665316464313435653961366266323762373766343635396164303764363234303135
62376239373264306535616635346333323733626563636635333763653932656533663066303330
61343632316639346264393630666162313765353734663635376632366535393231616637363265
62363436663863313132373532613166333464666661363132316132393466663131333836343632
65366633373133653030373966336436343065346163633930353632323337636535393431326139
35343665393637396233666131666239326534313432666439636636383033386331386265356662
333937623963353337356336656330653664
